# simulation run: CMS Phase2 pp 7TeV FLUKA v6.0.0.2
# scoring: Hadrons > 20 MeV
# normalization form: instantaneous [10^34cm^-2s^-1]
# normalization value: 1.0
# Inelastic cross section: 80.0 mb
# data type and unit: Raw flux [cm^-2s^-1]
# R min: 20.0
# R max: 60.0
# R number of bins: 4
# R bin width: 10.0
# R rebin: 1 (default)
# Phi min: -3.14159
# Phi max: 3.14159
# Z min: -1000.0
# Z max: 1000.0
# Z number of bins: 200
# Z bin width: 10.0
# Z rebin: 1 (default)
# simulation author: BRIL Rad Sim 
# release RSP tool: v.2.4 
# file creation: 2023-10-04_08:19:22
# Every row in the data corresponds to one bin in R.
# Values in a row start accordingly from the minimum to the maximum bin in Z.
# Values are averaged in the above indicated Phi range.
# Numbers are separated by a tabulator "\t" and every row ends with new line "\n".
# 
# 
1777735.4	1772926.0	1771726.9	1772603.9	1776241.5	1781757.0	1787139.8	1793792.9	1802477.8	1811897.0	1821348.6	1832250.2	1843435.8	1855777.5	1867544.5	1880155.0	1893721.1	1909034.9	1925069.4	1940751.5	1956211.9	1972395.1	1990857.6	2010215.4	2029502.1	2048733.5	2067739.0	2088341.4	2110178.0	2130657.2	2153957.0	2176771.2	2197463.8	2220457.8	2243127.5	2263551.8	2284960.5	2306159.2	2329443.0	2354165.2	2381665.8	2413067.0	2446695.0	2483062.8	2526260.2	2576711.2	2630071.2	2684262.8	2742262.2	2792433.0	2843006.0	2903400.8	2973767.0	3065207.5	3184793.2	3371032.0	3557414.2	3757074.0	4046417.2	4357445.0	4517976.5	4625968.5	4718503.5	4819072.0	4885256.5	4859815.5	4730582.0	4458982.0	4122623.5	3860124.5	3556172.0	3370339.0	3290786.2	3229887.0	3174791.0	3114067.5	3058932.5	3012444.8	2965880.0	2928119.2	2889953.5	2861758.8	2836855.0	2824911.5	2791236.0	2757998.2	2739424.0	2727789.0	2742513.0	2739773.0	2716395.5	2695588.8	2673809.0	2653247.2	2633961.5	2604938.5	2587628.0	2578262.8	2529141.2	2504829.5	2497503.5	2535734.0	2584965.5	2595252.0	2612548.5	2634084.5	2658512.0	2674790.0	2698743.0	2719851.8	2740796.2	2743934.8	2732361.8	2744849.2	2762128.2	2793814.2	2823515.0	2832805.2	2855726.5	2888831.0	2928361.2	2967613.5	3015987.0	3057815.8	3109244.0	3166591.2	3223742.5	3286695.2	3367037.5	3544310.0	3853581.5	4117107.0	4452936.0	4727609.5	4850335.0	4880226.0	4808052.5	4713192.5	4622053.0	4504780.0	4350843.5	4042358.2	3753616.8	3552838.0	3364310.2	3181203.0	3056906.5	2966076.0	2893054.8	2836142.0	2786461.8	2734118.8	2678604.5	2620790.0	2568590.8	2522276.8	2482073.2	2444647.0	2411596.0	2382136.0	2354622.5	2330266.2	2306791.2	2286678.2	2264711.8	2241963.8	2219159.5	2196745.8	2174014.2	2153670.5	2130972.8	2110697.0	2090623.6	2069498.5	2048793.1	2028799.5	2010456.1	1992325.4	1975075.1	1958837.9	1943087.0	1928156.5	1912319.8	1899410.1	1886210.8	1873017.9	1860674.4	1847784.1	1837811.9	1827088.6	1817103.9	1807876.9	1799225.4	1792422.2	1786222.8	1782190.9	1778231.8	1776267.5	1776632.5	1780586.1	
1111339.9	1102583.8	1096244.5	1092229.5	1090227.1	1090602.6	1091086.4	1092327.6	1094506.1	1096257.0	1099258.8	1103158.8	1108548.4	1113785.5	1118251.1	1124626.8	1131518.8	1137793.2	1143189.6	1149977.2	1157170.5	1165515.6	1172060.8	1180465.0	1187425.1	1195567.4	1204285.0	1212256.0	1218655.8	1225829.6	1232383.4	1236555.8	1239040.9	1239904.1	1239286.8	1239152.1	1240217.1	1241441.5	1243382.6	1246018.9	1250269.9	1256342.8	1264455.1	1275158.0	1288627.8	1304117.4	1326717.6	1363204.8	1396013.6	1402953.2	1404066.1	1404122.1	1409599.0	1427678.5	1460428.9	1526406.5	1588789.1	1638017.8	1706137.6	1987096.2	2173435.2	2384581.0	2641790.0	2873664.0	3127673.0	3329365.0	3437052.2	3221515.5	2614076.0	2382708.8	2093159.4	1994904.5	1906930.6	1841325.2	1802622.8	1772963.5	1747570.9	1725568.5	1701918.5	1684246.9	1668966.5	1646526.6	1624243.2	1599151.6	1578470.4	1566759.4	1561408.6	1550978.5	1549000.0	1540047.0	1526510.8	1513467.5	1498287.0	1484004.5	1471427.2	1455189.8	1438029.1	1442395.0	1424619.1	1415616.9	1412082.9	1424236.2	1445310.0	1441867.8	1458063.4	1473869.5	1482879.2	1496176.2	1513125.5	1526147.6	1534434.5	1546120.0	1550809.4	1558303.9	1565894.8	1579184.6	1600714.5	1620898.5	1640169.0	1661573.9	1682914.9	1698868.5	1722502.0	1744939.0	1767689.5	1800084.2	1842613.1	1911483.1	1991890.2	2090633.8	2387356.8	2614230.0	3212499.8	3431016.5	3325534.8	3116528.2	2861446.8	2634741.5	2378440.8	2174209.5	1988427.0	1702538.5	1636629.9	1586571.0	1521147.4	1458325.8	1426039.2	1409120.6	1398987.9	1398282.4	1398192.8	1389654.9	1360910.0	1322050.1	1298951.2	1281906.4	1269255.4	1258912.0	1251459.0	1245906.5	1241013.0	1237938.2	1236587.9	1235943.0	1237212.0	1235978.8	1236202.0	1237066.5	1235245.8	1230576.1	1224349.8	1216963.4	1210038.1	1202599.8	1195655.2	1188014.5	1180211.2	1172668.6	1164480.9	1155666.5	1148310.5	1141349.1	1134869.2	1128908.8	1122430.6	1116730.5	1111364.2	1106705.9	1101797.9	1098374.8	1094797.8	1092998.0	1091419.2	1090320.8	1089617.5	1089778.6	1091739.0	1095293.5	1102090.8	1111618.2	
771529.75	760262.8	752443.4	745421.6	740522.6	736092.1	734047.0	731732.1	731025.7	730060.6	729046.1	728209.44	726404.9	725054.94	723647.94	721878.56	719977.44	717613.1	715480.56	712365.8	710742.3	707353.7	704114.4	699503.06	694422.3	689035.4	683944.06	677457.3	670612.06	663174.9	654682.06	646043.8	637385.5	627993.7	618250.3	607204.06	594633.56	582758.4	570661.7	559869.75	551325.1	543929.3	538932.3	536494.6	536655.7	540686.6	549579.5	568370.6	617843.4	637931.44	644813.25	649599.25	651206.1	649685.75	638448.6	607019.3	583534.25	654919.25	754410.0	912307.3	1080512.9	1267193.8	1484171.2	1732514.4	1975663.4	2159757.5	2250840.0	2107837.8	1730455.2	1569734.8	1396262.5	1344497.5	1281474.8	1227472.6	1194943.2	1168246.6	1142240.5	1120299.8	1098762.4	1078857.4	1064370.8	1052232.5	1039910.0	1024945.56	1012180.0	1001379.0	993361.1	983793.25	980348.94	972502.0	962741.8	954292.9	944765.3	934572.6	924332.25	911553.44	899915.4	908858.56	898606.5	896530.1	893062.56	899536.5	904526.6	902509.75	916110.5	925900.4	936934.7	946119.9	952417.5	961694.4	971997.4	977849.9	983731.94	990626.9	999316.2	1011842.9	1024464.7	1036732.06	1050689.1	1065083.2	1078163.1	1097487.9	1117914.1	1140374.6	1164514.1	1190888.5	1226094.2	1278481.5	1341627.6	1391966.4	1563968.0	1727595.8	2102413.0	2243231.2	2152929.0	1977208.2	1730505.5	1481347.9	1265622.5	1080165.2	911966.75	756998.25	657654.3	583824.56	608698.5	635841.5	647157.6	648099.9	646032.1	641096.6	635882.9	616498.25	566762.25	547560.9	539085.25	535117.4	534675.2	536810.9	542364.25	549259.8	557952.6	569545.94	581177.5	593161.5	605368.2	615951.56	625880.3	635537.5	642899.0	649733.94	657965.06	665582.2	673291.75	680498.1	686472.7	692596.25	697831.4	701907.56	705202.25	708300.75	710959.2	713313.9	715142.0	717130.56	719434.75	722276.0	724375.8	725550.0	726859.9	727651.6	728564.06	729387.75	730823.7	733067.8	736121.1	739663.6	744989.0	751875.9	760276.44	771155.94	
549164.75	535430.94	523051.06	513278.66	504901.2	497514.3	489860.3	483682.25	477014.94	470658.56	464550.62	457760.38	451818.53	445421.62	438676.5	432266.12	425983.03	418824.44	411056.5	403643.7	394547.53	384847.78	375903.06	366143.22	356403.16	346168.47	335786.97	326939.38	318624.25	312362.16	307334.03	304808.16	303261.84	301397.6	298977.78	294491.12	290209.25	286062.38	281777.88	277676.62	273231.0	267987.5	260837.81	252513.25	239760.3	222706.83	201805.03	184872.12	187299.19	200147.88	207445.95	212674.9	218143.62	222871.19	228130.88	245501.55	290222.38	356699.94	435681.3	530222.4	642694.3	775452.9	929083.1	1123068.8	1309475.6	1434103.8	1500321.9	1430002.2	1203959.6	1090056.9	972570.4	935350.6	889392.94	848184.2	822865.6	802637.75	786666.75	771165.94	756933.2	742609.06	728451.9	718064.94	707524.06	698762.6	690569.1	683461.1	675717.8	667052.75	662406.44	658082.7	650877.94	645608.06	638066.75	629249.0	624532.2	615983.56	609056.0	615345.5	610411.5	608877.0	607456.75	611367.1	614473.2	609198.5	617600.9	624120.1	631543.3	639542.0	647328.7	651500.56	656213.9	662198.2	667373.2	674882.44	680827.25	687518.9	694197.4	704659.94	716039.2	729667.1	741730.6	754742.25	769431.0	783821.4	801352.56	819652.3	845407.56	886290.44	932577.1	970826.5	1089092.6	1201602.5	1428610.5	1502615.6	1431180.4	1306179.1	1117130.5	930392.9	774456.6	641930.0	528340.2	434146.2	356601.16	291253.16	245869.81	229185.84	220788.44	216783.61	211764.03	205079.98	199732.02	187359.64	185300.5	202291.08	221834.14	238451.78	250869.52	259916.7	266433.47	272586.44	276935.56	280941.06	284782.84	289325.5	293238.66	296933.38	300053.2	301122.4	304185.16	307884.5	313173.3	319840.2	326718.25	335175.8	344229.7	353698.66	363517.06	373474.28	383322.9	392729.4	401495.5	409889.22	417405.2	424502.34	430528.38	436387.5	443230.75	450216.7	456738.4	462638.62	469726.7	475837.66	482055.84	488804.62	495963.3	503356.7	512415.9	522345.03	534301.5	546833.1	
